first_name,last_name,gender,gender_prob
Emrys,"['ap', 'Rhys']",gm,0.021
