first_name,last_name,gender,gender_prob
Julian,"['Anthony', 'Thompson']",gm,0.007
