full_name
Emily Rose Fitzgerald
