first_name,last_name,gender,gender_prob
Agnes,['Pocket'],gf,0.991
